"""
57. Wolf of Wall Street
Easy
https://binarysearch.com/problems/Wolf-of-Wall-Street

Given a list of integers prices representing the stock prices of a company in 
chronological order, return the maximum profit you could have made from buying and selling that stock once.

You must buy before you can sell it.

Note: You are not required to buy or sell the stock.

Constraints

n ≤ 100,000 where n is the length of prices
"""


def solve(prices):
    profits = 0
    for idx, num in enumerate(prices):
        for n in prices[idx + 1:]:
            if profits < (n - num):
                profits = (n - num)
 
    return profits


if __name__ == "__main__":
    print(solve([1, 2, 3, 4, 5, 6]))  #5
    print(solve([9, 11, 8, 5, 7, 10]))  #5
    print(solve([1, 2, 3, 4, 5, 6, 7, 8, 9]))   #8
    print(solve([9, 8, 7, 6, 5, 4, 3, 2, 1]))   #0
    print(solve([]))   #0
    print(solve([0]))   #0


#%%


def solve(prices):
    if not prices:
        return 0
    else:
        if len(prices) > 25:
            profits = max(prices[prices.index(min(prices))+1:], default=0) - min(prices, default=0) 
        else:
            profits = 0
            for idx, num in enumerate(prices):
                for n in prices[idx + 1:]:
                    if profits < (n - num):
                        profits = (n - num)            
    
    if profits < 0:
        return 0
    else:
        return profits

if __name__ == "__main__":
    prices = [32408, 36171, 23700, 33300, 13225, 3750, 27043, 21021, 20886, 1858, 37682, 14182, 8139, 25186, 15296, 39782, 20403, 14205, 26972, 39143, 19660, 23864, 9458, 27095, 33031, 17189, 27814, 5590, 6707, 39924, 33489, 33187, 306, 9690, 25072, 6864, 3337, 28322, 23344, 27809, 22622, 26126, 2758, 15301, 31532, 26096, 39959, 13154, 11943, 4668, 34775, 9739, 11454, 8664, 33049, 19087, 38658, 8671, 17570, 34228, 34054, 3363, 26970, 16674, 9273, 14005, 32055, 13940, 10384, 23598, 21037, 3838, 16650, 11044, 2483, 24302, 33540, 19327, 34499, 39520, 2102, 32555, 37877, 20249, 3764, 15938, 15305, 28229, 11224, 2246, 8261, 13198, 22213, 30513, 2168, 29629, 7717, 31560, 31603, 23216, 33824, 2545, 31586, 35761, 9008, 4633, 9327, 25122, 34224, 7055, 10121, 31012, 12799, 31921, 37737, 27973, 22136, 8676, 6619, 18548, 30, 1706, 26647, 36855, 21804, 7289, 15964, 15654, 2925, 14458, 29171, 37108, 18062, 20298, 9313, 1877, 27713, 36312, 14245, 33194, 14964, 17481, 19583, 9989, 10054, 31833, 30765, 26928, 12511, 27777, 15521, 4491, 14441, 37532, 37041, 7042, 7177, 13952, 14160, 16165, 30356, 29206, 15501, 32181, 7100, 24440, 13193, 11473, 34737, 12513, 22405, 18658, 15212, 6409, 18357, 22025, 27642, 36153, 24738, 10868, 37023, 29328, 11639, 9644, 2485, 9, 12409, 6586, 31417, 16258, 22560, 11521, 39070, 18479, 38307, 7420, 35271, 23537, 5095, 24375, 9637, 39009, 39719, 38821, 16558, 12111, 275, 19403, 23681, 16124, 19468, 33130, 9975, 25230, 7601, 7949, 865, 37437, 39187, 31390, 39186, 32979, 17014, 7526, 15702, 12919, 36544, 32588, 24179, 37140, 32762, 35270, 38759, 28223, 30090, 22766, 31943, 16855, 29423, 23147, 32582, 10375, 15708, 29882, 10308, 21839, 902, 27812, 28830, 4960, 9956, 3230, 2273, 10355, 8368, 5075, 22849, 39055, 19707, 19912, 13236, 29927, 21060, 20970, 37212, 25243, 39033, 4824, 17381, 1199, 27890, 8536, 23960, 25684, 4217, 32092, 17285, 28982, 4302, 29920, 29469, 3414, 31120, 17470, 10377, 18155, 15514, 21065, 1782, 17501, 39083, 9386, 27146, 29917, 32629, 33136, 12337, 21659, 27678, 26000, 33131, 30575, 2339, 13091, 39106, 14538, 8533, 15841, 27698, 28572, 7652, 37824, 24574, 25286, 30662, 15955, 5258, 21147, 12711, 20211, 35071, 31254, 31968, 21605, 37064, 36512, 17226, 3812, 11932, 2849, 27709, 13475, 17955, 3716, 36479, 10354, 5565, 32713, 27735, 23081, 8786, 28130, 4162, 36229, 34129, 3210, 27491, 24291, 8995, 8743, 1089, 24691, 17315, 20152, 2778, 21169, 22317, 37473, 26286, 7496, 373, 25246, 9883, 29890, 6954, 38105, 18911, 19131, 30331, 17126, 13701, 6845, 33434, 2757, 22648, 4891, 17150, 26113, 13153, 16076, 16073, 11271, 6199, 34791, 2845, 29544, 26235, 17433, 14327, 29486, 19886, 18795, 15439, 13835, 6118, 35765, 12648, 23839, 3013, 2350, 762, 5472, 6685, 3680, 206, 36258, 1744, 11597, 37380, 35241, 13073, 24024, 38153, 9513, 1447, 23009, 23605, 17939, 5952, 12201, 30699, 17102, 26395, 37921, 3046, 37018, 35430, 19232, 36122, 11353, 13740, 6969, 15255, 18417, 12786, 33117, 32617, 34968, 36852, 25019, 1265, 37119, 21520, 33191, 30445, 30054, 39169, 16536, 10363, 30576, 648, 36517, 36226, 28306, 33800, 21721, 24918, 18089, 15406, 5616, 5917, 18214, 34382, 10428, 21876, 32073, 10119, 31533, 26336, 2001, 17437, 35730, 1605, 34644, 18710, 36482, 28120, 37303, 9262, 21039, 32171, 28766, 5379, 15498, 6903, 35154, 8103, 941, 2237, 448, 37908, 20105, 29705, 36094, 21885, 4867, 36417, 32446, 24977, 17127, 27343, 27445, 39818, 11670, 27162, 12312, 18410, 35432, 1613, 26100, 30988, 35095, 11119, 36665, 8478, 6999, 39522, 19741, 29510, 19179, 9823, 5831, 15453, 34990, 15290, 2801, 35019, 27795, 14384, 24135, 29335, 1024, 13263, 9815, 7894, 36227, 18096, 25163, 21753, 20834, 25519, 8461, 33997, 4756, 20845, 19985, 5516, 13737, 30607, 2113, 25165, 39531, 13054, 31577, 11918, 36257, 53, 37727, 32052, 16815, 8124, 1322, 29374, 27667, 3788, 26670, 30143, 39726, 32377, 9646, 28433, 35368, 12664, 32529, 29391, 1992, 19344, 25642, 23551, 21438, 2790, 29974, 32764, 12638, 19979, 36063, 35233, 30076, 4683, 39032, 33697, 15413, 23809, 8987, 18673, 35817, 29936, 33867, 15532, 30303, 28201, 18441, 2599, 31600, 30909, 2892, 23971, 22931, 25080, 37287, 39357, 3531, 33585, 28832, 962, 12060, 23925, 27764, 11729, 27602, 30405, 32788, 33108, 13790, 11966, 17116, 13333, 20739, 13244, 14464, 37794, 27749, 26205, 32652, 23107, 16423, 24898, 24036, 11246, 16167, 34899, 17548, 9245, 1448, 21452, 11129, 30854, 30754, 22133, 24866, 36758, 26632, 1767, 38398, 16158, 28218, 36828, 17269, 17655, 38287, 745, 30257, 5125, 6551, 21175, 30275, 25941, 14356, 31410, 36413, 9433, 38198, 25387, 5805, 30526, 19626, 9083, 29195, 15366, 33753, 2218, 7923, 1794, 34939, 25276, 6666, 9122, 34058, 27017, 1133, 19840, 19929, 22210, 29134, 15169, 38050, 17578, 5156, 35597, 6465, 36366, 6298, 36261, 10769, 31778, 14181, 11891, 16986, 5993, 8466, 12382, 17732, 671, 32637, 8981, 2975, 36191, 30740, 6269, 27204, 14921, 34883, 36337, 24379, 21087, 8093, 8547, 36203, 1191, 27361, 19324, 3634, 14265, 8467, 38650, 11562, 23104, 9672, 30704, 36555, 23699, 1871, 2654, 19259, 36942, 1959, 23563, 13105, 906, 18460, 22166, 2456, 10086, 1351, 6154, 29655, 39293, 19212, 39529, 33952, 2073, 37816, 14499, 23231, 29809, 5114, 18894, 668, 24548, 32748, 24826, 3653, 955, 33002, 30341, 32142, 20376, 39787, 27391, 25603, 27247, 22846, 17638, 34667, 7390, 24284, 245, 8253, 38826, 20143, 19220, 36092, 32293, 14840, 1058, 20014, 6475, 11990, 4372, 26828, 34233, 14676, 13563, 26200, 28195, 3358, 8142, 7822, 21799, 6522, 24496, 34844, 25894, 6305, 31811, 25623, 31197, 8951, 17966, 13697, 4082, 33457, 17059, 6607, 2227, 13932, 11225, 16465, 10767, 32393, 32740, 11132, 21240, 10733, 24784, 9305, 19899, 21032, 4225, 3488, 37379, 3642, 8945, 19138, 3752, 16609, 36836, 37807, 11548, 10874, 36906, 9850, 15649, 24258, 5931, 15205, 14773, 20222, 8273, 34579, 21271, 10295, 18454, 5409, 9689, 28844, 15547, 17042, 27706, 29771, 6077, 15526, 9781, 24589, 17544, 25553, 16676, 37619, 14059, 16325, 3022, 6731, 1148, 10825, 33084, 31827, 4422, 22910, 15032, 24489, 23249, 39878, 24368, 38642, 26453, 39644, 12217, 28079, 5321, 10735, 3153, 1731, 4417, 15442, 20570, 622, 34331, 5980, 10343, 8946, 31158, 39015, 3596, 24971, 21820, 12823, 17231, 5173, 28597, 29023, 8285, 23744, 11897, 11175, 16241, 35141, 8048, 32895, 38317, 8033, 3108, 38278, 13103, 21295, 1640, 10178, 12087, 32126, 4077, 11045, 30762, 14686, 31338, 16204, 29471, 37914, 23271, 32444, 9700, 26413, 30572, 35623, 18350, 34929, 18907, 26394, 7007, 719, 1887, 13524, 5550, 15396, 29110, 24038, 35199, 39756, 17923, 24903, 7909, 32070, 21588, 29408, 28820, 30086, 13112, 37054, 6388, 37163, 25158, 39489, 13214, 35471, 11176, 34500, 18494, 18545, 30014, 20229, 15324, 8947, 31966, 2517, 12601, 5862, 22699, 37381, 34397, 39484, 13766, 14640, 10736, 17060, 30478, 13290, 4932, 12239, 10695, 29399, 32364, 3053, 39421, 10146, 18106, 34079, 4808, 11584, 8960, 20572, 28979, 38428, 17617, 14428, 33480, 3736, 26345, 28543, 4841, 15078, 6613, 9012, 33933, 2228, 20186, 18452, 31044, 38991, 18958, 33621, 11471, 30291, 25159, 16666, 6738, 12867, 26585, 11002, 27940, 31016, 20459, 31858, 593, 37439, 15239, 13448, 4334, 39971, 25062, 23381, 28337, 14552, 31272, 23280, 8570, 16250, 1627, 30296, 25675, 10148, 24508, 10229, 1990, 23693, 31801, 31924, 17174, 39411, 983, 38810, 25102, 19734, 27915, 8035, 14652, 9328, 32453, 6310, 17559, 11088, 31845, 34538, 39017, 16534, 15011, 3572, 13157, 32946, 12476, 16037, 23426, 14130, 32372, 30992, 20111, 11778, 7633, 17450, 27928, 36592, 35963, 19412, 29137, 11502, 3668, 11959, 15694, 28812, 20277, 14670, 33637, 17847, 37002, 148, 4574, 7027, 39981, 5603, 39813, 38927, 10293, 26505, 20019, 5462, 36637, 33720, 27163, 3957, 29404, 18380, 25484, 30462, 31609, 26338, 38474, 13600, 28485, 15624, 34312, 4140, 34226, 4190, 30132, 17056, 23819, 963, 5022, 22189, 9106, 22787, 22556, 7765, 17395, 5825, 36152, 28269, 15915, 16795, 24190, 36458, 29451, 31985, 14535, 4973, 26966, 8876, 38389, 12535, 32832, 30741, 5001, 38854, 17301, 9901, 35940, 37918, 38072, 27113, 20589, 14950, 8788, 2077, 23940, 11676, 6421, 15092, 34256, 30752, 1043, 35257, 39165, 21326, 6229, 3282, 2964, 7916, 32817, 10150, 21689, 26133, 6204, 33048, 27292, 6280, 8340, 18708, 22408, 24079, 27304, 26760, 13394, 14784, 32703, 21023, 35265, 26606, 17584, 17203, 35722, 849, 24937, 16461, 5720, 24947, 34456, 26249, 25358, 21426, 20731, 16189, 38624, 2861, 14734, 24466, 33150, 26384, 33641, 13064, 10796, 7417, 20104, 15200, 36492, 13991, 17924, 20551, 11083, 21937, 20876, 14777, 14577, 15046, 16964, 4588, 34409, 27983, 1248, 35404, 18446, 37067, 9867, 15134, 21998, 36765, 9098, 25027, 14075, 3733, 27702, 14706, 9666, 11202, 13301, 39725, 7467, 26085, 32111, 5864, 35157, 11641, 21970, 18178, 16248, 27111, 22171, 29280, 27050, 16769, 27952, 10154, 35142, 23609, 24864, 36579, 12942, 34160, 27276, 12036, 9578, 8059, 28312, 34473, 2454, 28897, 27994, 8072, 35630, 23793, 21372, 1393, 31133, 23519, 14902, 33128, 26131, 12907, 28450, 3502, 37661, 6238, 18925, 20454, 18179, 22227, 34935, 20200, 12724, 36780, 3091, 12170, 26523, 34340, 2943, 21022, 15111, 1489, 34986, 778, 38354, 15552, 39900, 10243, 740, 30343, 17557, 12161, 411, 26110, 14938, 30737, 3438, 29964, 19545, 29867, 11721, 6784, 20142, 12612, 29490, 14014, 19636, 9190, 10201, 26631, 16490, 13364, 1093, 27818, 28251, 19847, 13666, 20162, 39857, 31420, 14500, 12925, 33074, 34732, 35394, 3624, 23543, 19258, 23174, 22759, 22945, 4385, 30855, 23258, 31187, 31639, 17190, 39635, 31612, 21795, 23977, 34286, 11875, 24215, 13665, 18129, 30637, 38011, 1179, 6064, 24252, 38452, 27599, 18900, 10357, 10608, 12243, 18063, 25742, 30542, 33415, 13782, 20004, 22882, 39909, 3476, 36721, 19325, 30767, 36298, 10742, 14583, 6404, 6135, 5647, 37009, 37187, 19903, 14630, 29139, 332, 29031, 37872, 12094, 32369, 38756, 16360, 8666, 9069, 1792, 37162, 30153, 39748, 34611, 38671, 8099, 841, 30272, 20838, 39481, 35659, 34118, 6878, 11001, 3819, 10503, 1845, 34597, 24267, 20563, 8807, 1065, 2426, 10233, 31762, 25437, 6477, 7698, 6092, 39391, 605, 1908, 30802, 31305, 9768, 2807, 2270, 13673, 364, 37754, 34169, 35349, 35785, 12077, 29022, 25839, 31241, 10464, 29619, 11418, 38655, 38259, 11680, 14831, 24173, 7339, 6724, 6262, 12946, 14497, 36392, 10696, 3278, 35580, 21330, 4728, 24344, 5599, 31454, 1515, 29662, 36459, 22193, 20254, 4702, 29373, 34291, 32186, 35362, 20691, 27712, 32841, 72, 3532, 39276, 22165, 33373, 4559, 25802, 27134, 22435, 35336, 39114, 20155, 18913, 7197, 1548, 7748, 24728, 655, 9456, 30792, 15449, 19322, 29169, 26290, 26769, 11754, 29637, 870, 2491, 19666, 35040, 19717, 33756, 32413, 39617, 8882, 31087, 25915, 11894, 4694, 39821, 13087, 30255, 14996, 15420, 18061, 35972, 23504, 18991, 5675, 5899, 30669, 31823, 25500, 32978, 14225, 2819, 3061, 4047, 35219, 33643, 500, 30203, 4079, 986, 9870, 30717, 31516, 28366, 3326, 39606, 29808, 24759, 6956, 36284, 25232, 1933, 6688, 37742, 30939, 10469, 38498, 24052, 2233, 7052, 8144, 24105, 11026, 7367, 3775, 861, 10550, 20526, 13583, 27459, 31152, 37616, 35912, 5748, 34192, 30613, 38409, 23704, 24616, 35762, 26869, 9512, 12425, 34663, 8740, 2668, 2583, 1435, 23031, 31502, 29054, 39985, 19781, 33740, 7435, 32598, 14820, 38183, 11906, 24765, 18627, 7808, 15834, 9102, 39763, 35943, 30920, 19907, 30145, 2320, 36707, 20232, 38559, 37514, 34241, 10230, 1637, 4508, 17916, 30300, 5546, 20976, 2616, 37662, 1507, 6796, 22972, 23689, 32056, 25157, 17327, 34512, 7109, 23171, 39746, 9424, 23905, 10157, 14708, 24946, 4640, 27148, 7883, 2827, 27852, 38571, 25599, 12107, 25202, 21685, 15948, 29135, 27349, 22614, 35693, 12967, 28535, 27692, 37768, 17858, 7493, 19488, 38968, 24148, 34165, 38236, 23753, 16242, 36839, 21796, 38376, 20073, 22920, 27090, 31011, 34923, 37077, 15185, 25683, 12689, 39218, 33796, 25814, 12259, 28245, 12109, 34388, 10078, 21182, 21162, 18675, 28118, 39340, 39693, 20438, 24940, 15014, 6567, 15757, 35357, 25645, 15321, 32706, 37519, 31932, 8376, 12330, 3188, 31248, 4189, 25886, 20284, 21007, 39586, 35715, 20085, 5749, 22129, 17281, 6001, 16112, 718, 36172, 10745, 25704, 26340, 32996, 34029, 26829, 38346, 35925, 27258, 7200, 30925, 6032, 21354, 1803, 19953, 13215, 26056, 38868, 6730, 32441, 2923, 17793, 10737, 9497, 209, 3471, 39685, 39690, 38563, 12139, 11268, 25076, 36179, 37467, 1431, 10651, 11581, 5347, 39773, 6517, 23860, 17879, 5049, 35118, 14215, 22003, 36245, 31909, 18238, 6223, 7919, 28537, 29828, 14765, 35803, 26759, 3263, 1238, 11503, 34803, 30587, 7260, 4229, 22684, 4827, 35489, 14231, 6102, 21623, 37438, 11399, 35906, 19194, 18704, 31186, 16163, 39244, 18792, 26147, 38149, 9580, 28357, 18887, 23919, 5543, 9027, 8369, 6192, 35692, 11718, 1399, 39099, 19554, 27503, 23248, 21863, 18539, 808, 18644, 14622, 39775, 19738, 34956, 5378, 28103, 33687, 4361, 36012, 1463, 13538, 6496, 37942, 20964, 36520, 31689, 8304, 29640, 15408, 21034, 2896, 32955, 39012, 11131, 21960, 29735, 4935, 16933, 6046, 7236, 38273, 38473, 22357, 25660, 28298, 22224, 26405, 13947, 29388, 26504, 4821, 29863, 7549, 30169, 31850, 35724, 23588, 37678, 32844, 12027, 37863, 36111, 3306, 4172, 29181, 9756, 35969, 27507, 30440, 32553, 8338, 23284, 24265, 27784, 14088, 22194, 24649, 25445, 34651, 22177, 30374, 36782, 5818, 16028, 27862, 33722, 21550, 10980, 25222, 2340, 38269, 6539, 32640, 12822, 8925, 3228, 10237, 14829, 33671, 18031, 22348, 259, 7193, 25564, 1472, 2793, 12229, 16746, 14481, 9375, 24003, 20800, 34076, 12151, 9166, 35330, 17048, 1801, 3464, 36971, 29597, 16822, 30288, 1384, 9186, 37136, 12100, 21512, 21906, 39023, 10506, 31194, 11725, 18929, 21312, 36526, 29324, 15583, 10095, 16279, 27968, 32451, 39205, 39361, 33659, 35921, 15228, 11978, 751, 16314, 19093, 21671, 34176, 23836, 27184, 39639, 34349, 9827, 52, 36969, 12956, 12483, 12640, 4818, 9496, 27480, 1019, 9468, 25773, 26578, 35358, 9429, 2245, 6454, 25650, 19040, 17374, 36454, 26945, 15294, 26909, 10530, 38625, 19777, 17051, 14875, 29051, 2251, 19434, 4037, 31566, 5191, 16976, 31693, 28958, 4575, 1829, 33624, 33575, 39640, 32500, 24695, 22127, 14584, 33309, 30514, 19740, 8398, 38074, 28059, 25218, 23034, 25951, 19291, 37354, 39110, 33263, 14719, 25853, 22496, 34039, 16756, 10789, 30057, 38332, 33750, 8312, 31948, 1341, 34134, 384, 11759, 5204, 29242, 32761, 7288, 9421, 14609, 6041, 11093, 39447, 18243, 37753, 15067, 6819, 23244, 27418, 28041, 30711, 34675, 39132, 36291, 5324, 17682, 11700, 23490, 273, 21149, 13900, 14634, 8746, 22624, 5695, 1597, 653, 27126, 20683, 16417, 4364, 3155, 26446, 7797, 6277, 20025, 21457, 12045, 15664, 36898, 23915, 38678, 24176, 2933, 19923, 13281, 25261, 1090, 1647, 13212, 36384, 33051, 17063, 4838, 16669, 30519, 15816, 35802, 13190, 4021, 30262, 5076, 14011, 19022, 1408, 32274, 24415, 14091, 33211, 9177, 12701, 30261, 28837, 37247, 12947, 36896, 29517, 25846, 31942, 16188, 22241, 35680, 30098, 3525, 10115, 21723, 21893, 28865, 13960, 23969, 23957, 27462, 5405, 16480, 5964, 33225, 19116, 10837, 16553, 37477, 28237, 39699, 36936, 35123, 37798, 34310, 19518, 24434, 8702, 34080, 4258, 37479, 27979, 12430, 11776, 26159, 8462, 27868, 1564, 3910, 2117, 967, 14338, 8632, 32686, 32475, 29401, 24351, 113, 23376, 30868, 34360, 15487, 22597, 32622, 26917, 19942, 35326, 1080, 13393, 10441, 32338, 36685, 7641, 31874, 23046, 30551, 11036, 30337, 35671, 7610, 9502, 18322, 23947, 15545, 2911, 8941, 28089, 29130, 29202, 4703, 12506, 15788, 23515, 29565, 5819, 24614, 24557, 22603, 6202, 37945, 11321, 24285, 24054, 571, 27565, 39920, 4704, 14748, 31488, 9353, 13734, 1372, 13998, 5326, 26748, 36101, 15876, 12549, 21923, 32742, 38260, 3007, 21946, 19005, 38739, 33599, 39359, 2551, 15229, 38143, 12220, 35613, 36914, 34534, 22899, 34374, 35745, 12988, 4761, 32490, 2499, 18043, 5100, 34280, 22714, 25097, 24705, 13246, 31140, 18239, 16940, 13261, 7776, 13818, 2842, 15937, 17185, 15373, 23765, 26535, 34383, 838, 8036, 15897, 31041, 37006, 17833, 18882, 5654, 9073, 9478, 37390, 16156, 24566, 31634, 4177, 17754, 15844, 31506, 24002, 3285, 757, 25860, 3030, 29064, 26541, 6481, 30759, 37601, 25905, 11020, 5358, 29765, 25393, 31165, 24796, 37959, 30760, 30986, 14478, 9368, 33475, 28388, 28328, 37887, 18711, 640, 26743, 5165, 15398, 17749, 29667, 16451, 27368, 17913, 34895, 1978, 28546, 34053, 3378, 1969, 1841, 37375, 39030, 36477, 27365, 20952, 8619, 27701, 3032, 11827, 7298, 33890, 36408, 15672, 2722, 28117, 14151, 21499, 17928, 39234, 29875, 9036, 25542, 22347, 34339, 2853, 39776, 35918, 37936, 26261, 34266, 24712, 14426, 4695, 4078, 9725, 17844, 7820, 36927, 18966, 3681, 32602, 20816, 6222, 14084, 2640, 7485, 10025, 2735, 804, 6432, 10664, 35934, 27322, 7383, 1658, 33038, 28053, 36055, 1610, 10324, 10815, 15566, 24659, 7001, 36778, 20905, 5900, 16321, 27315, 3417, 32318, 15963, 21894, 27136, 949, 19072, 36750, 21971, 28728, 38049, 15717, 38338, 573, 27405, 19385, 18931, 15827, 26507, 33091, 28376, 9812, 37956, 20792, 16563, 905, 28031, 24819, 31637]  
    print(solve(prices))   # 39999 
    
    print(solve([1, 2, 3, 4, 5, 6]))  #5
    print(solve([9, 11, 8, 5, 7, 10]))  #5
    print(solve([1, 2, 3, 4, 5, 6, 7, 8, 9]))   #8
    print(solve([9, 8, 7, 6, 5, 4, 3, 2, 1]))   #0
    print(solve([]))   #0
    print(solve([0]))   #0
    print(solve([1, 2, 0]))    


# Submitted and passed


#%% 

# Better solution, not mine
# https://binarysearch.com/problems/Wolf-of-Wall-Street/solutions/2998194


class Solution:
    def solve(self, prices):
        if len(prices) < 2:
            return 0
        maxProfit = 0
        min = prices[0]
        for i in prices[1:]:
            if i - min > maxProfit:
                maxProfit = i - min
            if i < min:
                min = i
        return maxProfit
 





